Total:  1799
  SYS  TOTAL         ASR     LEN_SYS     LEN_USR        REPE       REPE2   SENT_COMP    SENT_NEG    SENT_POS        SIGH       TURNS 
Year: 2000
  ATT:    81        0.86        25.7         2.2    25(0.31)     4(0.05)        0.02        0.15        0.16     0 (0.00)          17 
  CMU:    75        0.79        50.7         3.3    21(0.28)     7(0.09)        0.07        0.14        0.23     0 (0.00)          19 
  BBN:    74        0.89        29.6         2.1    22(0.30)     8(0.11)        0.05        0.19        0.22     0 (0.00)          16 
  SRI:    73        0.84        18.2         2.8    39(0.53)    19(0.26)        0.07        0.14        0.20     3 (0.04)          19 
  IBM:    73        0.72        32.8         2.6    52(0.71)    16(0.22)        0.06        0.07        0.17     0 (0.00)          18 
  MIT:    71        0.77        20.0         3.9    35(0.49)    13(0.18)        0.10        0.04        0.18     9 (0.13)          20 
  COL:    69        0.86        14.6         2.2    51(0.74)    18(0.26)        0.09        0.17        0.31     0 (0.00)          18 
  LUC:    59        0.78         9.1         2.8    42(0.71)    16(0.27)        0.05        0.10        0.17     0 (0.00)          19 
  MTR:    55        0.78         8.8         3.8    40(0.73)    24(0.44)        0.05        0.11        0.14     2 (0.04)          16 
  XXX:     9        0.77        30.0         3.4     4(0.44)     1(0.11)        0.01        0.13        0.11     0 (0.00)          12 
Year: 2001
  ATT:   158        0.78        23.8         1.4    99(0.63)    41(0.26)        0.01        0.14        0.17     0 (0.00)          33 
  CMU:   126        0.84        21.4         2.4    76(0.60)    18(0.14)        0.13        0.10        0.33     0 (0.00)          31 
  BBN:   141        0.94        14.1         1.7   105(0.74)    52(0.37)        0.03        0.27        0.27     0 (0.00)          29 
  SRI:   153        0.83        17.8         2.6   107(0.70)    73(0.48)        0.06        0.13        0.21     4 (0.03)          34 
  IBM:   143        0.83        32.2         2.7    88(0.62)    30(0.21)        0.10        0.04        0.24     0 (0.00)          29 
  MIT:   154        0.90        24.0         4.2    71(0.46)    18(0.12)        0.12        0.05        0.23     0 (0.00)          20 
  COL:   150        0.91        16.2         1.8   125(0.83)    85(0.57)        0.04        0.24        0.28     0 (0.00)          46 
  LUC:   135        0.87        25.3         2.4    88(0.65)    50(0.37)        0.06        0.14        0.20     0 (0.00)          46 
  MTR:     0                                                                                                                         
  XXX:     0                                                                                                                         
